MacMini/P1050159.jpg 1 216 1 540 540
MacMini/P1050160.jpg 1 220 10 568 568
MacMini/P1050161.jpg 1 200 15 550 550
MacMini/P1050162.jpg 1 223 68 506 506
MacMini/P1050163.jpg 1 187 19 576 576
MacMini/P1050164.jpg 1 187 19 576 576
MacMini/P1050165.jpg 1 187 19 576 576
MacMini/P1050166.jpg 1 200 11 516 516
MacMini/P1050167.jpg 1 200 11 516 516
MacMini/P1050168.jpg 1 200 11 516 516
MacMini/P1050169.jpg 1 200 11 516 516
MacMini/P1050170.jpg 1 200 11 516 516
MacMini/P1050171.jpg 1 200 11 516 516
MacMini/P1050172.jpg 1 130 0 664 664
MacMini/P1050173.jpg 1 188 14 576 576
MacMini/P1050174.jpg 1 124 3 668 668
MacMini/P1050175.jpg 1 124 3 668 668
MacMini/P1050176.jpg 1 124 3 668 668
MacMini/P1050177.jpg 1 124 3 668 668
MacMini/P1050178.jpg 1 124 3 668 668
MacMini/P1050179.jpg 1 124 3 668 668
MacMini/P1050180.jpg 1 124 3 668 668